dateTime,level,seconds
01:31:30.000,light,60
01:32:30.000,wake,390
01:39:00.000,light,1920
02:11:00.000,wake,270
02:15:30.000,light,930
02:31:00.000,wake,420
02:38:00.000,light,540
02:47:00.000,rem,870
03:01:30.000,light,630
03:12:00.000,deep,1140
03:31:00.000,wake,390
03:37:30.000,light,30
03:38:00.000,deep,1170
03:57:30.000,light,390
04:04:00.000,deep,270
04:08:30.000,light,2370
04:48:00.000,deep,1680
05:16:00.000,light,2550
05:58:30.000,rem,2880
06:46:30.000,light,3990
07:53:00.000,rem,1410
08:16:30.000,light,480
08:24:30.000,rem,300
08:29:30.000,light,2070
09:04:00.000,deep,300
09:09:00.000,light,330
09:14:30.000,rem,990
09:31:00.000,wake,750
09:43:30.000,light,2700
