dateTime,level,seconds
01:59:00.000,wake,30
01:59:30.000,light,150
02:02:00.000,deep,390
02:08:30.000,wake,1050
02:26:00.000,deep,660
02:37:00.000,wake,1890
03:08:30.000,light,1260
03:29:30.000,deep,1110
03:48:00.000,wake,390
03:54:30.000,light,1110
04:13:00.000,deep,570
04:22:30.000,light,2160
04:58:30.000,wake,300
05:03:30.000,light,240
05:07:30.000,wake,240
05:11:30.000,light,2010
05:45:00.000,rem,270
05:49:30.000,light,270
05:54:00.000,rem,2700
06:39:00.000,light,600
06:49:00.000,deep,810
07:02:30.000,light,2730
07:48:00.000,deep,750
08:00:30.000,light,540
08:09:30.000,rem,900
08:24:30.000,light,1380
08:47:30.000,rem,450
08:55:00.000,light,720
09:07:00.000,rem,450
09:14:30.000,light,4710
